      0/99     1.85G    0.1144   0.06617   0.02861    0.2092        62       416         0         0 0.0008937 0.0001617    0.1024   0.06853   0.02663
      1/99     1.93G    0.1086   0.06579   0.02738    0.2017        10       416         0         0  0.001941 0.0003274   0.09968   0.06974   0.02617
      2/99     1.93G    0.1037   0.07168   0.02675    0.2021        16       416         0         0  0.002129 0.0003934   0.09915   0.06943   0.02584
      3/99     1.93G    0.1034   0.07287   0.02619    0.2025        14       416         0         0  0.002269 0.0004163   0.09849   0.06972   0.02555
      4/99     1.93G    0.1019   0.07802   0.02602    0.2059        28       416         0         0  0.002066 0.0004257    0.1025   0.06543   0.02671
      5/99     1.93G    0.1002   0.07375   0.02538    0.1994        26       416         0         0  0.001834 0.0003484       0.1   0.06761   0.02575
      6/99     1.93G    0.1001   0.07671   0.02558    0.2024        23       416         0         0   0.00201 0.0003973   0.09825   0.06903   0.02503
      7/99     1.93G   0.09883   0.07425   0.02484    0.1979        38       416         0         0  0.001526 0.0003802    0.1075   0.06689   0.02794
      8/99     1.93G   0.09795   0.07669   0.02509    0.1997        25       416         0         0  0.005159  0.001226   0.09627   0.06963   0.02495
      9/99     1.93G   0.09524   0.07811   0.02391    0.1973        29       416   0.02625     0.135   0.02401  0.004803    0.0956   0.06471   0.02501
     10/99     1.93G      0.09   0.07356   0.02332    0.1869        30       416   0.01791     0.205   0.02479  0.003751   0.09587   0.06764   0.02338
     11/99     1.93G   0.08662   0.07092   0.02244      0.18        20       416   0.04464      0.18   0.05321   0.01018    0.0917   0.06343   0.02185
     12/99     1.93G   0.08534   0.06839   0.02164    0.1754        16       416   0.02367       0.2    0.0376  0.008945   0.08996   0.06525   0.02412
     13/99     1.93G   0.08234   0.06717   0.02103    0.1705        26       416    0.0763      0.26    0.1195   0.03897   0.07739   0.06463   0.01891
     14/99     1.93G   0.08029   0.06736   0.02097    0.1686        17       416   0.03967     0.055   0.02651  0.006325     0.103   0.06047   0.02402
     15/99     1.93G   0.07973   0.07134   0.02022    0.1713        28       416   0.09388     0.265    0.1309   0.03882   0.07572   0.06293   0.01806
     16/99     1.93G   0.07885   0.06428   0.01851    0.1616        28       416   0.08535     0.205   0.09934   0.02903   0.08334   0.06405   0.01899
     17/99     1.93G   0.07622   0.06471   0.01729    0.1582        19       416   0.09902    0.2638    0.0901   0.02165   0.08213   0.06237   0.01781
     18/99     1.93G   0.07716   0.06492   0.01617    0.1582        35       416    0.1218    0.4369     0.144   0.03746   0.06904   0.06346   0.01448
     19/99     1.93G   0.07748   0.06276   0.01512    0.1554        16       416    0.1279    0.3745     0.132   0.02955   0.07744   0.06842   0.01342
     20/99     1.93G   0.07413    0.0674   0.01484    0.1564        16       416    0.0508    0.3927     0.103   0.01895   0.08053   0.06927   0.01546
     21/99     1.93G   0.07258   0.06637   0.01406     0.153        20       416    0.0697    0.5683    0.1456   0.03461   0.06644   0.06776   0.01296
     22/99     1.93G   0.07209   0.06536   0.01376    0.1512        10       416    0.1125    0.4408    0.1725   0.05208   0.06798   0.06466   0.01443
     23/99     1.93G   0.07193   0.06437   0.01253    0.1488        15       416     0.081    0.3781   0.08855   0.02532   0.07928   0.06069    0.0157
     24/99     1.93G    0.0714   0.06498   0.01262     0.149        28       416     0.157    0.5372    0.2293    0.0477   0.06601   0.06192   0.01393
     25/99     1.93G   0.06762   0.05964    0.0111    0.1383        15       416    0.1299    0.5722    0.2174   0.05755     0.067   0.06313   0.01185
     26/99     1.93G   0.06999   0.06209   0.01247    0.1446        39       416    0.0956    0.6097    0.2031   0.05558   0.06683   0.06484    0.0111
     27/99     1.93G   0.06552   0.06062   0.01231    0.1384         7       416   0.08748    0.4054    0.2062   0.05632   0.07693   0.06063    0.0129
     28/99     1.93G   0.06683   0.05804   0.01111     0.136        18       416    0.1305    0.6707    0.2849   0.08134   0.06218   0.05675   0.01076
     29/99     1.93G   0.06391   0.05842   0.01025    0.1326        12       416   0.07155    0.6651    0.1528   0.03401   0.07657   0.06781   0.01025
     30/99     1.93G   0.06952   0.05843   0.01016    0.1381        22       416    0.1585    0.5816    0.2531   0.07335   0.06394   0.05781     0.011
     31/99     1.93G   0.06877   0.05747    0.0104    0.1367        14       416    0.1977    0.5826    0.2771   0.07285   0.06473   0.05521  0.009454
     32/99     1.93G   0.06339    0.0607  0.009399    0.1335        24       416    0.1212    0.6601    0.2357   0.05399    0.0661   0.05517   0.00908
     33/99     1.93G    0.0634   0.05488  0.008878    0.1272        18       416    0.2382    0.6247    0.3849    0.1241   0.05723    0.0546  0.009119
     34/99     1.93G   0.06529   0.05873  0.009158    0.1332        16       416    0.2092    0.7255    0.4415    0.1413   0.05553   0.05413  0.008421
     35/99     1.93G   0.06121   0.05918  0.008002    0.1284        17       416    0.1306    0.7211    0.3784    0.1132   0.05838   0.05969  0.009425
     36/99     1.93G   0.06092   0.05794  0.008122     0.127        24       416    0.2026    0.7005    0.4406    0.1432   0.05484   0.05245    0.0084
     37/99     1.93G   0.05791   0.05582  0.007449    0.1212        17       416    0.1669    0.6822    0.3674     0.114   0.05912   0.05156  0.007694
     38/99     1.93G   0.05816   0.05829  0.008244    0.1247        18       416    0.1657    0.7055    0.3612    0.1168   0.05785   0.05784   0.00855
     39/99     1.93G   0.05639   0.05387  0.008992    0.1193        20       416    0.1234    0.7276    0.3276   0.09398   0.05902    0.0596  0.007518
     40/99     1.93G   0.05688   0.05555  0.007406    0.1198        27       416    0.1726    0.7609     0.526    0.1616   0.05464   0.05404  0.006314
     41/99     1.93G    0.0554   0.05484  0.006647    0.1169        17       416    0.2253    0.6978    0.4533    0.1546    0.0532   0.05243  0.006543
     42/99     1.93G   0.05373   0.05595  0.006917    0.1166        19       416    0.2593    0.7432    0.5742    0.2181   0.05197   0.05159  0.006747
     43/99     1.93G   0.05232   0.05737  0.006427    0.1161        23       416    0.2249    0.7105    0.5623    0.2273   0.05079   0.05268  0.006046
     44/99     1.93G   0.05165   0.05333  0.006406    0.1114        22       416    0.3523    0.7199    0.5998    0.2476   0.05018    0.0502  0.006523
     45/99     1.93G   0.05201   0.05355   0.00765    0.1132        32       416    0.2239    0.7786    0.5955    0.2361   0.05118   0.05236  0.006415
     46/99     1.93G   0.05297   0.05073  0.006286      0.11        20       416    0.2597     0.737    0.5469    0.2124   0.05336   0.04946  0.005715
     47/99     1.93G   0.04903   0.05519  0.005509    0.1097        21       416    0.2513    0.7547    0.5824    0.2323   0.05124   0.05066  0.005867
     48/99     1.93G   0.04862   0.05445  0.005918     0.109        23       416    0.2534    0.7692    0.5879    0.2315   0.04951    0.0501  0.006854
     49/99     1.93G    0.0517   0.05048  0.006234    0.1084        21       416    0.3178    0.7497    0.5922    0.2328   0.05034   0.05032  0.006863
     50/99     1.93G   0.05049   0.05441  0.005817    0.1107        15       416    0.2597    0.7836    0.6122     0.237   0.05205   0.04903  0.007041
     51/99     1.93G   0.04907   0.04963  0.005744    0.1044        18       416    0.2786    0.7343    0.5954    0.2306   0.05055   0.04985  0.006726
     52/99     1.93G   0.04815   0.05415  0.005611    0.1079        44       416    0.2584    0.6562    0.5244    0.1926   0.05383   0.04827  0.008256
     53/99     1.93G     0.048   0.04872   0.00598    0.1027        27       416    0.3301    0.7199    0.6068    0.2526   0.04843   0.04935  0.006922
     54/99     1.93G   0.04718   0.05233  0.005269    0.1048        13       416    0.3233    0.7382    0.6133    0.2549    0.0494   0.04934   0.00685
     55/99     1.93G   0.04718   0.04875  0.004467    0.1004        27       416     0.335    0.7359    0.6323    0.2608   0.04964   0.04799  0.006748
     56/99     1.93G   0.04496    0.0512   0.00478    0.1009        20       416    0.3266    0.7288     0.611    0.2639   0.04863   0.04894  0.006319
     57/99     1.93G    0.0456   0.05034  0.004228    0.1002        27       416     0.366    0.7365    0.6329    0.2615     0.048   0.04854  0.006163
     58/99     1.93G   0.04568   0.04824  0.005552   0.09947        18       416    0.3356    0.7542    0.6308     0.267   0.04764   0.04881  0.006386
     59/99     1.93G   0.04382   0.04922  0.004825   0.09787        14       416     0.314    0.7503    0.6574    0.2697    0.0478   0.04835  0.006494
     60/99     1.93G   0.04478   0.05001  0.004942   0.09973        16       416    0.3568    0.7647    0.6551    0.2841   0.04723   0.04712  0.005861
     61/99     1.93G   0.04525   0.04935  0.004674   0.09927        25       416    0.4318    0.7282    0.6321    0.2651   0.04805    0.0479  0.005484
     62/99     1.93G   0.04339   0.04868  0.004811   0.09688        17       416    0.3413    0.7502    0.6125    0.2699   0.04792   0.04823  0.007033
     63/99     1.93G   0.04393   0.04782  0.004929   0.09668        30       416    0.3571    0.7719    0.6559    0.2928   0.04708   0.04749  0.006195
     64/99     1.93G   0.04456   0.04656  0.004329   0.09545        22       416     0.377     0.737    0.6453    0.2708   0.04734   0.04777  0.006064
     65/99     1.93G   0.04312   0.04797   0.00438   0.09547        29       416    0.4128    0.7426    0.6681    0.2986   0.04612   0.04834  0.005453
     66/99     1.93G   0.04202   0.04658  0.004691   0.09329        19       416    0.3678    0.7636     0.657    0.3017   0.04627   0.04774  0.005334
     67/99     1.93G   0.04255   0.04677  0.004971   0.09429        16       416    0.3738    0.7432     0.647    0.2715    0.0474   0.04708  0.006445
     68/99     1.93G   0.04096   0.04713  0.004746   0.09284        12       416    0.4366     0.732    0.6594    0.2983   0.04692   0.04656  0.005139
     69/99     1.93G   0.04096   0.04655  0.004285   0.09179        12       416    0.3352    0.7863    0.6801    0.2943   0.04651   0.04926  0.005043
     70/99     1.93G   0.04061   0.04597  0.003882   0.09046        17       416    0.4082    0.7874    0.6788    0.3001    0.0445   0.04695  0.005588
     71/99     1.93G   0.04109   0.04701  0.003765   0.09186        34       416    0.3682    0.7736    0.6643    0.3133   0.04466   0.04702  0.005168
     72/99     1.93G   0.03986   0.04517  0.004113   0.08915        38       416    0.3876    0.7747    0.6696    0.3138   0.04432   0.04662  0.005426
     73/99     1.93G   0.03757   0.04269  0.003513   0.08377        21       416    0.3573    0.7907    0.6793    0.2971   0.04614     0.046  0.004739
     74/99     1.93G   0.03906   0.04325  0.003769   0.08608        21       416    0.4477    0.7482    0.6777    0.3026   0.04528   0.04634  0.005562
     75/99     1.93G   0.03959    0.0453  0.003535   0.08842        26       416    0.3874     0.742    0.6817    0.3315   0.04438   0.04649  0.005023
     76/99     1.93G    0.0375   0.04292  0.003469    0.0839        17       416    0.4059    0.7205    0.6802      0.31   0.04411   0.04788  0.006548
     77/99     1.93G   0.03859   0.04572   0.00367   0.08798        24       416    0.4003    0.7957    0.6672    0.3007   0.04551   0.04842  0.005252
     78/99     1.93G   0.03795   0.04408  0.003142   0.08517        28       416    0.4272    0.7509    0.6706    0.3155   0.04364   0.04739  0.005214
     79/99     1.93G    0.0381   0.04447  0.003033    0.0856        33       416    0.3943    0.7957    0.6917    0.3226   0.04417   0.04614  0.005445
     80/99     1.93G    0.0379   0.04173  0.003414   0.08305        29       416    0.4279    0.7692    0.6807    0.3069   0.04345   0.04716  0.006238
     81/99     1.93G   0.03778    0.0436  0.003139   0.08453        32       416     0.433    0.7642    0.6762    0.3226   0.04249   0.04642  0.005916
     82/99     1.93G   0.03722   0.04252  0.003432   0.08318        23       416    0.4333    0.7193    0.6658    0.3077   0.04488   0.04719  0.005784
     83/99     1.93G   0.03805   0.04132   0.00372    0.0831        14       416    0.3731    0.7857    0.6949    0.3174   0.04438   0.04596  0.005138
     84/99     1.93G   0.03736    0.0414  0.003149   0.08191        22       416    0.3956    0.7934     0.706    0.3182   0.04395   0.04645  0.005007
     85/99     1.93G   0.03634   0.04145  0.002889   0.08067        30       416    0.3755    0.7592    0.6573    0.2928   0.04633   0.04671   0.00541
     86/99     1.93G   0.03652    0.0398   0.00288   0.07919        19       416    0.4421    0.7465    0.6784    0.3046   0.04492   0.04788  0.005352
     87/99     1.93G   0.03731    0.0421  0.003182   0.08259        13       416    0.4135    0.7813    0.6852    0.3234   0.04497    0.0467   0.00544
     88/99     1.93G     0.036   0.04115  0.002824   0.07997        30       416    0.4854    0.7609    0.6821    0.3118   0.04365   0.04824  0.005178
     89/99     1.93G    0.0359    0.0426  0.002852   0.08135        16       416    0.4361    0.7529    0.6737    0.3052   0.04463    0.0478  0.005303
     90/99     1.93G   0.03581   0.04036  0.003122   0.07929        34       416    0.4387    0.7513     0.673    0.3213   0.04389   0.04766   0.00516
     91/99     1.93G   0.03625   0.04286  0.002792    0.0819        37       416    0.4517    0.7592    0.6929    0.3286   0.04424   0.04681  0.005663
     92/99     1.93G   0.03532   0.04144  0.002843    0.0796        20       416    0.4455    0.7409    0.6773    0.3336   0.04311   0.04659  0.005387
     93/99     1.93G   0.03628   0.03883  0.002733   0.07784         7       416    0.4022    0.7497    0.6614    0.3005   0.04485   0.04634  0.004642
     94/99     1.93G   0.03621   0.04033  0.002986   0.07953        15       416    0.3893    0.7542    0.6919    0.3215   0.04378   0.04691  0.004626
     95/99     1.93G   0.03567    0.0419  0.002543   0.08011        15       416     0.447    0.7459    0.6537    0.3161   0.04422   0.04872  0.005668
     96/99     1.93G   0.03478   0.04033  0.002797   0.07791        12       416    0.4467    0.7365    0.6704    0.3273   0.04401   0.04721  0.004693
     97/99     1.93G   0.03579   0.03778  0.002686   0.07625        12       416    0.4457    0.7547    0.6992    0.3335    0.0442    0.0477   0.00466
     98/99     1.93G   0.03522   0.04105    0.0029   0.07918        16       416    0.3981    0.7674    0.6869    0.3346    0.0437   0.04665   0.00468
     99/99     1.93G   0.03471   0.03794  0.002641   0.07529         9       416    0.4393    0.7824    0.6802    0.3169   0.04403   0.04744  0.005084
