      0/99     1.85G    0.1133   0.06722   0.02845     0.209        62       416         0         0 0.0008933 0.0001805     0.102   0.06876   0.02661
      1/99     1.93G    0.1084   0.06608   0.02741    0.2019        10       416         0         0  0.001943 0.0003459   0.09951   0.06979   0.02615
      2/99     1.93G    0.1063   0.06885   0.02619    0.2014        16       416         0         0  0.002011 0.0003415   0.09908   0.06947   0.02586
      3/99     1.93G    0.1061   0.06998   0.02495     0.201        14       416       0.5     0.005  0.007973  0.001574   0.09916   0.06911   0.02444
      4/99     1.93G    0.1033    0.0757   0.02465    0.2037        28       416         0         0  0.005345 0.0008293    0.1008   0.06655   0.02284
      5/99     1.93G    0.1017   0.06995   0.02319    0.1948        26       416    0.0145     0.025   0.01059  0.001815    0.1036   0.06506    0.0227
      6/99     1.93G    0.1018   0.07076   0.02293    0.1955        23       416   0.06034     0.015   0.01656  0.003095   0.09791    0.0663   0.02128
      7/99     1.93G   0.09907   0.06659    0.0205    0.1862        38       416   0.06579      0.09   0.03292  0.006129   0.09911   0.06132   0.01955
      8/99     1.93G   0.09549   0.06765   0.01954    0.1827        25       416   0.01729      0.24   0.02713  0.004348   0.09392    0.0654   0.01831
      9/99     1.93G    0.0914   0.06858   0.01886    0.1788        29       416  0.009893     0.245   0.02186  0.004021   0.09362   0.08818   0.02753
     10/99     1.93G   0.08687   0.06675   0.01978    0.1734        30       416   0.02913      0.29   0.04906   0.01105    0.0859   0.06584    0.0198
     11/99     1.93G    0.0846   0.06562   0.01908    0.1693        20       416   0.05419      0.26   0.06096   0.01472   0.08149   0.06137     0.017
     12/99     1.93G   0.08239   0.06472   0.01873    0.1658        16       416   0.03373     0.205   0.03522  0.006884   0.09365   0.05997   0.01871
     13/99     1.93G   0.08156   0.06369   0.01894    0.1642        26       416   0.05215     0.295    0.1247   0.03079   0.07903    0.0614   0.01687
     14/99     1.93G   0.07886   0.06533   0.01922    0.1634        17       416   0.04973     0.305    0.1469   0.03752   0.08195   0.06152   0.01701
     15/99     1.93G   0.07916   0.06943   0.01848    0.1671        28       416   0.04882     0.355    0.1335   0.02905    0.0775   0.06541   0.01515
     16/99     1.93G    0.0777   0.06326   0.01746    0.1584        28       416   0.09644    0.3288    0.1024   0.02874   0.07527   0.06164     0.016
     17/99     1.93G   0.07514   0.06331    0.0164    0.1548        19       416   0.06151    0.3688   0.09255   0.02266   0.08155   0.06122   0.01494
     18/99     1.93G    0.0773   0.06436   0.01555    0.1572        35       416    0.1373    0.4231    0.1896   0.04485    0.0714   0.06186   0.01384
     19/99     1.93G   0.07714   0.06173    0.0145    0.1534        16       416   0.05933    0.3638    0.1005   0.02439   0.08158   0.06101   0.01605
     20/99     1.93G   0.07437   0.06583   0.01429    0.1545        16       416   0.09288    0.5445    0.1313   0.02679   0.06855     0.065   0.01408
     21/99     1.93G   0.07326   0.06466   0.01357    0.1515        20       416    0.0795    0.5056      0.17   0.04316   0.07019   0.06293   0.01309
     22/99     1.93G   0.07289   0.06487   0.01264    0.1504        10       416      0.11    0.3909    0.1737   0.05289   0.06924   0.06422   0.01313
     23/99     1.93G   0.07298   0.06263   0.01171    0.1473        15       416   0.09404    0.2806   0.07274   0.01641   0.08213    0.0625   0.02154
     24/99     1.93G    0.0732   0.06258   0.01207    0.1478        28       416    0.1246     0.577    0.2317   0.05535   0.06917   0.05849   0.01206
     25/99     1.93G   0.06825   0.05811   0.01048    0.1368        15       416   0.09208    0.3815   0.08971   0.02063   0.07723   0.06189   0.01592
     26/99     1.93G   0.06989   0.06143   0.01142    0.1427        39       416    0.1211    0.5931    0.2003   0.04612   0.06954   0.05956   0.01128
     27/99     1.93G   0.06676    0.0601   0.01171    0.1386         7       416    0.1446    0.5531      0.26     0.077   0.06569   0.06228   0.01091
     28/99     1.93G   0.06755   0.05778   0.01071     0.136        18       416    0.1172    0.7061    0.2169   0.04978   0.06466   0.05714   0.01057
     29/99     1.93G   0.06541   0.05752  0.009547    0.1325        12       416    0.0659     0.528    0.1013   0.01911   0.08538   0.05268    0.0122
     30/99     1.93G   0.06964   0.05783  0.009966    0.1374        22       416    0.1779    0.5916     0.281   0.08779    0.0667   0.05643  0.009378
     31/99     1.93G   0.06739   0.05816  0.009221    0.1348        14       416    0.1905    0.4446    0.2181   0.05836   0.06994   0.05814   0.01132
     32/99     1.93G   0.06537   0.06052  0.009038    0.1349        24       416    0.0663    0.6782    0.1488   0.03157   0.07267   0.06802  0.008706
     33/99     1.93G   0.06466    0.0563  0.008487    0.1294        18       416   0.08683    0.4545    0.1688   0.04959   0.07241   0.06415   0.01075
     34/99     1.93G   0.06465   0.05951  0.009684    0.1338        16       416    0.1472    0.7238    0.3656   0.09782   0.06102   0.05772  0.008798
     35/99     1.93G   0.06174   0.05956  0.008358    0.1297        17       416    0.1093    0.7255    0.3613     0.112   0.06202   0.06002  0.009952
     36/99     1.93G   0.06254   0.05833  0.007743    0.1286        24       416    0.1956    0.6357     0.377    0.1262    0.0604    0.0536    0.0123
     37/99     1.93G   0.06136   0.05609  0.007642    0.1251        17       416    0.1989    0.6451    0.4207    0.1116   0.06285   0.05186  0.009317
     38/99     1.93G    0.0582   0.05856  0.007933    0.1247        18       416    0.1461    0.5766     0.309     0.094   0.06539   0.05949  0.009444
     39/99     1.93G   0.05659   0.05375  0.007639     0.118        20       416    0.2163    0.5953    0.3597    0.1131   0.05941   0.05699   0.01311
     40/99     1.93G   0.05847   0.05495  0.007011    0.1204        27       416    0.2161    0.7098    0.5217    0.1834   0.05562   0.05391  0.008091
     41/99     1.93G   0.05641   0.05486  0.006463    0.1177        17       416    0.2502    0.7022    0.5573    0.1981   0.05313    0.0538  0.007925
     42/99     1.93G   0.05454   0.05639  0.006454    0.1174        19       416    0.2771    0.7198    0.5543    0.2152   0.05342   0.05158  0.007158
     43/99     1.93G   0.05311   0.05729  0.006044    0.1164        23       416    0.1648    0.7763     0.519    0.1687   0.05721   0.05747  0.006053
     44/99     1.93G   0.05379   0.05365   0.00576    0.1132        22       416    0.3117    0.6784    0.5171    0.2025   0.05111   0.05377  0.006536
     45/99     1.93G   0.05315   0.05331  0.006388    0.1128        32       416    0.2114    0.6961    0.5327    0.1663   0.05899   0.05354  0.007065
     46/99     1.93G   0.05419   0.05101   0.00534    0.1105        20       416    0.2554    0.6722    0.5213    0.1786   0.05642   0.05045  0.007589
     47/99     1.93G   0.04994   0.05476  0.005305      0.11        21       416    0.2354    0.7786     0.613    0.2365   0.05046   0.05213  0.006177
     48/99     1.93G   0.04915   0.05428  0.005996    0.1094        23       416    0.2827    0.7447     0.581    0.2293   0.05071   0.05051  0.008281
     49/99     1.93G   0.04846   0.05107  0.005823    0.1054        21       416    0.2363    0.7774    0.6019    0.2207   0.04988   0.05247  0.007429
     50/99     1.93G   0.05164   0.05459  0.005382    0.1116        15       416    0.1993    0.7763    0.5871    0.2166   0.05295   0.05618  0.006718
     51/99     1.93G   0.04891     0.049  0.005087     0.103        18       416    0.2903    0.7576    0.5866    0.2309   0.05108   0.05017  0.007096
     52/99     1.93G   0.04933   0.05348  0.005033    0.1078        44       416    0.2737    0.6861    0.5377    0.2029   0.05372   0.05096  0.006985
     53/99     1.93G   0.04872   0.04837  0.005256    0.1023        27       416    0.3416    0.6943     0.606    0.2299    0.0514   0.05054  0.006921
     54/99     1.93G   0.04733   0.05271  0.004992     0.105        13       416    0.2708     0.748     0.607    0.2432   0.04902   0.05227  0.005792
     55/99     1.93G   0.04729   0.04802  0.004029   0.09934        27       416    0.3333    0.7536    0.6055    0.2505   0.04877   0.05095  0.005931
     56/99     1.93G   0.04639   0.05077  0.004409    0.1016        20       416      0.33    0.7038    0.5963    0.2536   0.04834   0.04992  0.006678
     57/99     1.93G    0.0457   0.05026  0.003946   0.09991        27       416    0.3805    0.6932    0.5899    0.2508   0.04896   0.05169  0.006667
     58/99     1.93G   0.04567   0.04777  0.005094   0.09854        18       416     0.319     0.726    0.5721    0.2406   0.04858   0.05057  0.007797
     59/99     1.93G   0.04372   0.04904  0.004497   0.09726        14       416    0.3131    0.7492    0.6059    0.2531   0.04778   0.05085  0.007201
     60/99     1.93G   0.04367   0.05035  0.004631   0.09865        16       416    0.2793    0.7796    0.5986    0.2539   0.04894   0.05215   0.00702
     61/99     1.93G   0.04566   0.04909  0.004376   0.09913        25       416    0.4019    0.7147    0.6253     0.265   0.04948   0.04913  0.006592
     62/99     1.93G   0.04388   0.04834  0.004247   0.09647        17       416    0.3229    0.7619    0.6455    0.2675   0.04927   0.04998  0.005494
     63/99     1.93G     0.044   0.04749  0.004401    0.0959        30       416    0.3372     0.778    0.6459    0.2746   0.04821    0.0502  0.005955
     64/99     1.93G   0.04371   0.04641  0.004302   0.09442        22       416      0.35    0.7509    0.6249    0.2467   0.04964   0.05015   0.00644
     65/99     1.93G   0.04259   0.04762  0.004384    0.0946        29       416    0.3362    0.7412    0.6294    0.2672   0.04711   0.05012  0.005877
     66/99     1.93G   0.04189   0.04617  0.004516   0.09258        19       416    0.3678    0.7669    0.6384     0.283   0.04596   0.04923  0.005738
     67/99     1.93G   0.04314   0.04715  0.004446   0.09474        16       416    0.3184    0.8046    0.6509    0.2853   0.04733   0.04853  0.006381
     68/99     1.93G   0.04031   0.04661  0.004204   0.09112        12       416    0.4016    0.7586    0.6478    0.2805   0.04692   0.04941  0.006447
     69/99     1.93G   0.04092     0.046  0.003851   0.09077        12       416    0.3238    0.7353    0.6299    0.2746   0.04868   0.05043   0.00628
     70/99     1.93G   0.04091    0.0456  0.003528   0.09004        17       416    0.4127    0.7547    0.6701    0.3134   0.04597   0.04854  0.005458
     71/99     1.93G    0.0404   0.04647  0.003462   0.09033        34       416    0.3654    0.7724    0.6592    0.3076   0.04673   0.04831  0.005561
     72/99     1.93G   0.03925   0.04488  0.003963   0.08809        38       416    0.4052    0.7497      0.66    0.3135     0.045   0.04954  0.005647
     73/99     1.93G   0.03765   0.04175  0.003407   0.08281        21       416    0.4033    0.7857    0.6588    0.2895    0.0468   0.04974  0.005027
     74/99     1.93G   0.03929   0.04318  0.003839   0.08631        21       416    0.3766    0.7719    0.6722    0.2978    0.0457   0.04879  0.005259
     75/99     1.93G    0.0404   0.04552  0.003449   0.08938        26       416    0.3848    0.7846    0.6456    0.2891   0.04555   0.04894  0.005565
     76/99     1.93G   0.03806   0.04333  0.003162   0.08455        17       416    0.4339    0.7509    0.6565    0.2904   0.04576   0.05078  0.005344
     77/99     1.93G   0.03854   0.04536   0.00335   0.08725        24       416     0.383    0.7486    0.6402    0.3031   0.04575   0.04939  0.004851
     78/99     1.93G   0.03829   0.04374  0.003047   0.08508        28       416    0.4156    0.7653    0.6527    0.2874   0.04505   0.05005  0.006345
     79/99     1.93G    0.0383   0.04468  0.003163   0.08614        33       416    0.4123    0.7524    0.6384     0.286   0.04683   0.05031  0.005284
     80/99     1.93G    0.0377   0.04168  0.003345   0.08273        29       416    0.4223     0.722    0.6392    0.3019   0.04573   0.04946  0.007465
     81/99     1.93G   0.03776   0.04304   0.00275   0.08356        32       416    0.3802     0.773    0.6616    0.2889    0.0464   0.04959  0.005759
     82/99     1.93G   0.03759   0.04236  0.003108   0.08305        23       416    0.4396    0.7447    0.6473    0.2975   0.04617   0.05004  0.006483
     83/99     1.93G   0.03837   0.04119   0.00325   0.08282        14       416    0.4021    0.7397    0.6417    0.2951   0.04647   0.04944  0.006165
     84/99     1.93G   0.03765   0.04134  0.003064   0.08206        22       416    0.4355    0.7536      0.64    0.2958   0.04527   0.04996  0.004925
     85/99     1.93G   0.03634   0.04123  0.002942   0.08051        30       416    0.4284    0.7625    0.6452    0.3035   0.04521   0.04934  0.005676
     86/99     1.93G   0.03711   0.03991  0.002533   0.07954        19       416    0.4629    0.7342    0.6389    0.2815   0.04514   0.05101  0.006671
     87/99     1.93G   0.03732   0.04191  0.003157   0.08239        13       416    0.4326    0.7536    0.6425    0.3016   0.04644   0.04979  0.005546
     88/99     1.93G    0.0361   0.04099  0.002678   0.07977        30       416    0.4877     0.737    0.6425    0.3117    0.0452   0.04995   0.00618
     89/99     1.93G    0.0362   0.04235    0.0029   0.08146        16       416    0.3935    0.7497    0.6411     0.299   0.04606   0.05033  0.006425
     90/99     1.93G   0.03547   0.04014  0.002987    0.0786        34       416    0.4436    0.7265    0.6372    0.3032   0.04605   0.05037  0.005166
     91/99     1.93G   0.03655   0.04268  0.002933   0.08216        37       416    0.4334    0.7403    0.6399    0.2986   0.04614   0.05045  0.005144
     92/99     1.93G   0.03598   0.04173  0.002997   0.08071        20       416    0.4383    0.7597    0.6692    0.3127   0.04494   0.05083  0.006224
     93/99     1.93G    0.0369   0.03856  0.002756   0.07821         7       416    0.4328    0.7574    0.6459    0.2933   0.04733    0.0492  0.005261
     94/99     1.93G   0.03627   0.04016   0.00308   0.07951        15       416    0.4282    0.7869    0.6888     0.318   0.04616   0.04977  0.004968
     95/99     1.93G   0.03566   0.04209   0.00249   0.08024        15       416    0.4294     0.782    0.6773    0.3078    0.0447      0.05  0.005698
     96/99     1.93G    0.0347   0.04004  0.002835   0.07757        12       416    0.4065     0.763    0.6605    0.2958   0.04525   0.05011   0.00571
     97/99     1.93G   0.03591   0.03783  0.002759    0.0765        12       416    0.4693    0.7242    0.6434    0.3012   0.04489   0.05027  0.005952
     98/99     1.93G    0.0353   0.04136  0.002687   0.07934        16       416    0.3779    0.7757    0.6663    0.3219   0.04517   0.04942  0.005566
     99/99     1.93G   0.03526   0.03805  0.002557   0.07586         9       416    0.4625    0.7386    0.6415    0.3049    0.0452   0.05047  0.005109
